0 -2.877453844359662e-17
4.9999999999999996e-06 -2.877457704138218e-17
9.999999999999999e-06 -2.8774585986537194e-17
1.4999999999999999e-05 -2.8774588059604057e-17
1.9999999999999998e-05 -2.877458854004375e-17
2.4999999999999998e-05 -2.8774588651387016e-17
2.9999999999999997e-05 -2.87745886771911e-17
3.5e-05 -2.877458868317148e-17
3.9999999999999996e-05 -2.8774588684557477e-17
4.4999999999999996e-05 -2.8774588684878506e-17
4.9999999999999996e-05 -2.8774588684952986e-17
5.4999999999999995e-05 -2.877458868497019e-17
5.9999999999999995e-05 -2.8774588684974143e-17
6.5e-05 -2.877458868497518e-17
7e-05 -2.877458868497535e-17
7.5e-05 -2.877458868497544e-17
7.999999999999999e-05 -2.877458868497553e-17
8.499999999999999e-05 -2.8774588684975536e-17
8.999999999999999e-05 -2.8774588684975585e-17
9.499999999999999e-05 -2.877458868497541e-17
9.999999999999999e-05 -2.8774588684975456e-17
0.00010499999999999999 -2.8774588684975585e-17
0.00010999999999999999 -2.877458868497535e-17
0.00011499999999999999 -2.87745886849753e-17
0.00011999999999999999 -2.8774588684975394e-17
0.000125 -2.877458868497532e-17
0.00013000000000000002 -2.877458868497547e-17
0.00013500000000000003 -2.877458868497549e-17
0.00014000000000000004 -2.877458868497538e-17
0.00014500000000000006 -2.8774588684975394e-17
0.00015000000000000007 -2.877458868497541e-17
0.00015500000000000008 -2.8774588684975345e-17
0.0001600000000000001 -2.87745886849753e-17
0.0001650000000000001 -2.8774588684975536e-17
0.00017000000000000023 -2.877458868497558e-17
0.00017500000000000035 -2.877458868497555e-17
0.00018000000000000047 -2.877458868497548e-17
0.0001850000000000006 -2.8774588684975456e-17
0.00019000000000000072 -2.87745886849755e-17
0.00019500000000000084 -2.877458868497548e-17
0.00020000000000000096 -2.8774588684975524e-17
0.00020500000000000108 -2.8774588684975536e-17
0.0002100000000000012 -2.8774588684975505e-17
0.00021500000000000132 -2.8774588684975524e-17
0.00022000000000000144 -2.877458868497547e-17
0.00022500000000000157 -2.8774588684975524e-17
0.0002300000000000017 -2.877458868497556e-17
0.0002350000000000018 -2.877458868497555e-17
0.00024200000000000187 -2.877458868497554e-17
0.0002470000000000019 -2.877458868497549e-17
0.0002520000000000019 -2.877458868497556e-17
0.0002570000000000019 -2.877458868497541e-17
0.0002620000000000019 -2.8774588684975425e-17
0.00026700000000000194 -2.877458868497554e-17
0.00027200000000000195 -2.8774588684975585e-17
0.00027700000000000196 -2.877458868497535e-17
0.000282000000000002 -2.877458868497537e-17
0.000287000000000002 -2.8774588684975474e-17
0.000292000000000002 -2.877458868497541e-17
0.000297000000000002 -2.877458868497533e-17
0.00030200000000000203 -2.8774588684975326e-17
0.00030700000000000204 -2.87745886849753e-17
0.00031200000000000205 -2.877458868497548e-17
0.00031700000000000207 -2.8774588684975394e-17
0.0003220000000000021 -2.8774588684975536e-17
0.0003270000000000021 -2.877458868497538e-17
0.0003320000000000021 -2.877458868497531e-17
0.0003370000000000021 -2.8774588684975363e-17
0.00034200000000000213 -2.877458868497532e-17
0.00034700000000000215 -2.8774588684975474e-17
0.00035200000000000216 -2.877458868497543e-17
0.00035700000000000217 -2.877458868497532e-17
0.0003620000000000022 -2.877458868497533e-17
0.0003670000000000022 -2.877458868497537e-17
0.0003720000000000022 -2.87745886849755e-17
0.0003770000000000022 -2.8774588684975363e-17
0.00038200000000000224 -2.8774588684975406e-17
0.00038700000000000225 -2.8774588684975425e-17
0.00039200000000000226 -2.8774588684975363e-17
0.0003970000000000023 -2.87745886849753e-17
0.0004020000000000023 -2.8774588684975554e-17
0.0004070000000000023 -2.8774588684975616e-17
0.0004120000000000023 -2.877458868497554e-17
0.00041700000000000233 -2.877458868497557e-17
0.00042200000000000234 -2.8774588684975456e-17
0.00042700000000000236 -2.877458868497543e-17
0.00043200000000000237 -2.8774588684975456e-17
0.0004370000000000024 -2.877458868497538e-17
0.0004420000000000024 -2.8774588684975456e-17
0.0004470000000000024 -2.877458868497551e-17
0.0004520000000000024 -2.877458868497551e-17
0.00045700000000000243 -2.877458868497554e-17
0.00046200000000000245 -2.877458868497538e-17
0.00046700000000000246 -2.8774588684975394e-17
0.0004720000000000025 -2.877458868497545e-17
0.0004770000000000025 -2.8774588684975394e-17
0.0004820000000000025 -2.8774588684975326e-17
0.0004870000000000025 -2.87745886849753e-17
0.0004920000000000025 -2.877458868497552e-17
0.0004970000000000025 -2.8774588684975474e-17
0.0005020000000000026 -2.8774588684975345e-17
0.0005070000000000026 -2.877458868497537e-17
0.0005120000000000026 -2.8774588684975394e-17
0.0005170000000000026 -2.877458868497531e-17
0.0005220000000000026 -2.877458868497552e-17
0.0005270000000000026 -2.877458868497553e-17
0.0005320000000000026 -2.877458868497551e-17
0.0005370000000000026 -2.877458868497558e-17
0.0005420000000000027 -2.877458868497543e-17
0.0005470000000000027 -2.877458868497544e-17
0.0005520000000000027 -2.877458868497556e-17
0.0005570000000000027 -2.877458868497535e-17
0.0005620000000000027 -2.8774588684975406e-17
0.0005670000000000027 -2.877458868497553e-17
0.0005720000000000027 -2.8774588684975345e-17
0.0005770000000000027 -2.877458868497551e-17
0.0005820000000000028 -2.877458868497549e-17
0.0005870000000000028 -2.877458868497551e-17
0.0005920000000000028 -2.877458868497553e-17
0.0005970000000000028 -2.877458868497545e-17
0.0006020000000000028 -2.877458868497551e-17
0.0006070000000000028 -2.877458868497553e-17
0.0006120000000000028 -2.877458868497548e-17
0.0006170000000000029 -2.8774588684975456e-17
0.0006220000000000029 -2.877458868497545e-17
0.0006270000000000029 -2.877458868497538e-17
0.0006320000000000029 -2.8774588684975554e-17
0.0006370000000000029 -2.877458868497556e-17
0.0006420000000000029 -2.877458868497543e-17
0.0006470000000000029 -2.877458868497558e-17
0.000652000000000003 -2.877458868497558e-17
0.000657000000000003 -2.8774588684975456e-17
0.000662000000000003 -2.8774588684975554e-17
0.000667000000000003 -2.8774588684975456e-17
0.000672000000000003 -2.877458868497543e-17
0.000677000000000003 -2.877458868497554e-17
0.000682000000000003 -2.8774588684975345e-17
0.000687000000000003 -2.87745886849753e-17
0.000692000000000003 -2.8774588684975363e-17
0.0006970000000000031 -2.87745886849753e-17
0.0007020000000000031 -2.8774588684975456e-17
0.0007070000000000031 -2.877458868497541e-17
0.0007120000000000031 -2.877458868497556e-17
0.0007170000000000031 -2.877458868497538e-17
0.0007220000000000031 -2.877458868497532e-17
0.0007270000000000031 -2.877458868497538e-17
0.0007320000000000032 -2.8774588684975326e-17
0.0007370000000000032 -2.877458868497551e-17
0.0007420000000000032 -2.877458868497551e-17
0.0007470000000000032 -2.8774588684975406e-17
0.0007520000000000032 -2.877458868497544e-17
0.0007570000000000032 -2.877458868497553e-17
0.0007620000000000032 -2.877458868497538e-17
0.0007670000000000032 -2.877458868497541e-17
0.0007720000000000033 -2.877458868497558e-17
0.0007770000000000033 -2.87745886849756e-17
0.0007820000000000033 -2.8774588684975363e-17
0.0007870000000000033 -2.877458868497535e-17
0.0007920000000000033 -2.877458868497531e-17
0.0007970000000000033 -2.8774588684975456e-17
0.0008020000000000033 -2.877458868497549e-17
0.0008070000000000034 -2.877458868497556e-17
0.0008120000000000034 -2.877458868497541e-17
0.0008170000000000034 -2.877458868497558e-17
0.0008220000000000034 -2.877458868497543e-17
0.0008270000000000034 -2.8774588684975474e-17
0.0008320000000000034 -2.877458868497552e-17
0.0008370000000000034 -2.8774588684975406e-17
0.0008420000000000034 -2.877458868497558e-17
0.0008470000000000035 -2.877458868497543e-17
0.0008520000000000035 -2.8774588684975363e-17
0.0008570000000000035 -2.8774588684975425e-17
0.0008620000000000035 -2.8774588684975406e-17
0.0008670000000000035 -2.8774588684975326e-17
0.0008720000000000035 -2.87745886849753e-17
0.0008770000000000035 -2.8774588684975536e-17
0.0008820000000000035 -2.8774588684975536e-17
0.0008870000000000036 -2.877458868497548e-17
0.0008920000000000036 -2.877458868497558e-17
0.0008970000000000036 -2.877458868497543e-17
0.0009020000000000036 -2.8774588684975406e-17
0.0009070000000000036 -2.877458868497554e-17
0.0009120000000000036 -2.8774588684975345e-17
0.0009170000000000036 -2.877458868497556e-17
0.0009220000000000037 -2.8774588684975456e-17
0.0009270000000000037 -2.877458868497535e-17
0.0009320000000000037 -2.8774588684975406e-17
0.0009370000000000037 -2.8774588684975425e-17
0.0009420000000000037 -2.877458868497533e-17
0.0009470000000000037 -2.877458868497556e-17
0.0009520000000000037 -2.877458868497538e-17
0.0009570000000000037 -2.8774588684975536e-17
0.0009620000000000038 -2.8774588684975345e-17
0.0009670000000000038 -2.8774588684975406e-17
0.0009720000000000038 -2.877458868497539e-17
0.0009770000000000037 -2.8774588684975536e-17
0.0009820000000000037 -2.8774588684975345e-17
0.0009870000000000037 -2.877458868497553e-17
0.0009920000000000037 -2.877458868497548e-17
0.0009970000000000037 -2.877458868497556e-17
0.0010020000000000038 -2.877458868497543e-17
0.0010070000000000038 -2.877458868497558e-17
0.0010120000000000038 -2.877458868497543e-17
0.0010170000000000038 -2.877458868497553e-17
0.0010220000000000038 -2.8774588684975394e-17
0.0010270000000000038 -2.8774588684975456e-17
0.0010320000000000038 -2.877458868497547e-17
0.0010370000000000038 -2.877458868497557e-17
0.0010420000000000039 -2.8774588684975536e-17
0.0010470000000000039 -2.877458868497541e-17
0.0010520000000000039 -2.877458868497532e-17
0.001057000000000004 -2.877458868497541e-17
0.001062000000000004 -2.8774588684975406e-17
0.001067000000000004 -2.877458868497532e-17
0.001072000000000004 -2.8774588684975536e-17
0.001077000000000004 -2.8774588684975585e-17
0.001082000000000004 -2.877458868497554e-17
0.001087000000000004 -2.877458868497538e-17
0.001092000000000004 -2.877458868497545e-17
0.001097000000000004 -2.8774588684975554e-17
0.001102000000000004 -2.87745886849756e-17
0.001107000000000004 -2.8774588684975394e-17
0.001112000000000004 -2.877458868497543e-17
0.001117000000000004 -2.877458868497558e-17
0.001122000000000004 -2.877458868497535e-17
0.001127000000000004 -2.877458868497556e-17
0.001132000000000004 -2.877458868497549e-17
0.0011370000000000041 -2.877458868497538e-17
0.0011420000000000041 -2.877458868497543e-17
0.0011470000000000041 -2.877458868497551e-17
0.0011520000000000041 -2.877458868497551e-17
0.0011570000000000042 -2.877458868497551e-17
0.0011620000000000042 -2.8774588684975406e-17
0.0011670000000000042 -2.877458868497551e-17
0.0011720000000000042 -2.877458868497535e-17
0.0011770000000000042 -2.8774588684975425e-17
0.0011820000000000042 -2.877458868497549e-17
0.0011870000000000042 -2.8774588684975363e-17
0.0011920000000000043 -2.87745886849753e-17
0.0011970000000000043 -2.8774588684975363e-17
0.0012020000000000043 -2.877458868497553e-17
0.0012070000000000043 -2.877458868497548e-17
0.0012120000000000043 -2.8774588684975363e-17
0.0012170000000000043 -2.877458868497556e-17
0.0012220000000000043 -2.87745886849756e-17
0.0012270000000000043 -2.877458868497548e-17
0.0012320000000000044 -2.877458868497548e-17
0.0012370000000000044 -2.877458868497556e-17
0.0012420000000000044 -2.877458868497558e-17
0.0012470000000000044 -2.877458868497538e-17
0.0012520000000000044 -2.877458868497543e-17
0.0012570000000000044 -2.877458868497556e-17
0.0012620000000000044 -2.87745886849756e-17
0.0012670000000000045 -2.877458868497538e-17
0.0012720000000000045 -2.877458868497543e-17
0.0012770000000000045 -2.877458868497558e-17
0.0012820000000000045 -2.8774588684975616e-17
0.0012870000000000045 -2.8774588684975394e-17
0.0012920000000000045 -2.877458868497545e-17
0.0012970000000000045 -2.8774588684975326e-17
0.0013020000000000045 -2.877458868497556e-17
0.0013070000000000046 -2.8774588684975394e-17
0.0013120000000000046 -2.8774588684975536e-17
0.0013170000000000046 -2.877458868497543e-17
0.0013220000000000046 -2.8774588684975363e-17
0.0013270000000000046 -2.8774588684975406e-17
0.0013320000000000046 -2.8774588684975406e-17
0.0013370000000000046 -2.8774588684975326e-17
0.0013420000000000046 -2.87745886849753e-17
0.0013470000000000047 -2.8774588684975536e-17
0.0013520000000000047 -2.8774588684975536e-17
0.0013570000000000047 -2.877458868497548e-17
0.0013620000000000047 -2.8774588684975474e-17
0.0013670000000000047 -2.8774588684975554e-17
0.0013720000000000047 -2.87745886849756e-17
0.0013770000000000047 -2.8774588684975363e-17
0.0013820000000000048 -2.877458868497535e-17
0.0013870000000000048 -2.8774588684975456e-17
0.0013920000000000048 -2.877458868497543e-17
0.0013970000000000048 -2.877458868497553e-17
0.0014020000000000048 -2.8774588684975604e-17
0.0014070000000000048 -2.877458868497554e-17
0.0014120000000000048 -2.877458868497557e-17
0.0014170000000000048 -2.877458868497543e-17
0.0014220000000000049 -2.8774588684975406e-17
0.0014270000000000049 -2.8774588684975456e-17
0.0014320000000000049 -2.8774588684975363e-17
0.001437000000000005 -2.8774588684975406e-17
0.001442000000000005 -2.877458868497532e-17
0.001447000000000005 -2.8774588684975536e-17
0.001452000000000005 -2.8774588684975394e-17
0.001457000000000005 -2.877458868497531e-17
0.001462000000000005 -2.8774588684975363e-17
0.001467000000000005 -2.877458868497532e-17
0.001472000000000005 -2.8774588684975474e-17
0.001477000000000005 -2.877458868497543e-17
0.001482000000000005 -2.877458868497532e-17
0.001487000000000005 -2.877458868497529e-17
0.001492000000000005 -2.877458868497554e-17
0.001497000000000005 -2.877458868497557e-17
0.001502000000000005 -2.877458868497553e-17
0.001507000000000005 -2.877458868497538e-17
0.001512000000000005 -2.877458868497545e-17
0.001517000000000005 -2.8774588684975554e-17
0.0015220000000000051 -2.87745886849756e-17
0.0015270000000000051 -2.8774588684975394e-17
0.0015320000000000051 -2.877458868497543e-17
0.0015370000000000052 -2.877458868497558e-17
0.0015420000000000052 -2.877458868497535e-17
0.0015470000000000052 -2.877458868497556e-17
0.0015520000000000052 -2.877458868497549e-17
0.0015570000000000052 -2.877458868497538e-17
0.0015620000000000052 -2.877458868497549e-17
0.0015670000000000052 -2.877458868497538e-17
0.0015720000000000053 -2.8774588684975536e-17
0.0015770000000000053 -2.877458868497538e-17
0.0015820000000000053 -2.877458868497545e-17
0.0015870000000000053 -2.8774588684975554e-17
0.0015920000000000053 -2.877458868497543e-17
0.0015970000000000053 -2.877458868497549e-17
0.0016020000000000053 -2.877458868497556e-17
0.0016070000000000053 -2.877458868497538e-17
0.0016120000000000054 -2.877458868497541e-17
0.0016170000000000054 -2.8774588684975456e-17
0.0016220000000000054 -2.8774588684975554e-17
0.0016270000000000054 -2.877458868497549e-17
0.0016320000000000054 -2.8774588684975394e-17
0.0016370000000000054 -2.8774588684975326e-17
0.0016420000000000054 -2.877458868497553e-17
0.0016470000000000054 -2.877458868497538e-17
0.0016520000000000055 -2.8774588684975536e-17
0.0016570000000000055 -2.8774588684975394e-17
0.0016620000000000055 -2.877458868497531e-17
0.0016670000000000055 -2.8774588684975363e-17
0.0016720000000000055 -2.877458868497532e-17
0.0016770000000000055 -2.8774588684975474e-17
0.0016820000000000055 -2.877458868497543e-17
0.0016870000000000056 -2.877458868497532e-17
0.0016920000000000056 -2.877458868497529e-17
0.0016970000000000056 -2.877458868497554e-17
0.0017020000000000056 -2.877458868497557e-17
0.0017070000000000056 -2.877458868497553e-17
0.0017120000000000056 -2.877458868497538e-17
0.0017170000000000056 -2.877458868497545e-17
0.0017220000000000056 -2.8774588684975554e-17
0.0017270000000000057 -2.87745886849756e-17
0.0017320000000000057 -2.8774588684975394e-17
0.0017370000000000057 -2.877458868497543e-17
0.0017420000000000057 -2.877458868497558e-17
0.0017470000000000057 -2.877458868497535e-17
0.0017520000000000057 -2.877458868497556e-17
0.0017570000000000057 -2.877458868497549e-17
0.0017620000000000057 -2.877458868497556e-17
0.0017670000000000058 -2.8774588684975456e-17
0.0017720000000000058 -2.8774588684975345e-17
0.0017770000000000058 -2.877458868497553e-17
0.0017820000000000058 -2.877458868497545e-17
0.0017870000000000058 -2.8774588684975585e-17
0.0017920000000000058 -2.87745886849756e-17
0.0017970000000000058 -2.877458868497541e-17
0.0018020000000000059 -2.877458868497549e-17
0.0018070000000000059 -2.877458868497558e-17
0.0018120000000000059 -2.87745886849755e-17
0.001817000000000006 -2.877458868497544e-17
0.001822000000000006 -2.8774588684975456e-17
0.001827000000000006 -2.877458868497543e-17
0.001832000000000006 -2.877458868497556e-17
0.001837000000000006 -2.877458868497556e-17
0.001842000000000006 -2.877458868497549e-17
0.001847000000000006 -2.8774588684975394e-17
0.001852000000000006 -2.87745886849755e-17
0.001857000000000006 -2.877458868497538e-17
0.001862000000000006 -2.877458868497532e-17
0.001867000000000006 -2.877458868497533e-17
0.001872000000000006 -2.877458868497556e-17
0.001877000000000006 -2.877458868497558e-17
0.001882000000000006 -2.877458868497556e-17
0.001887000000000006 -2.877458868497541e-17
0.001892000000000006 -2.877458868497551e-17
0.001897000000000006 -2.877458868497537e-17
0.0019020000000000061 -2.877458868497531e-17
0.0019070000000000061 -2.8774588684975363e-17
0.0019120000000000061 -2.877458868497532e-17
0.0019170000000000062 -2.8774588684975474e-17
0.0019220000000000062 -2.877458868497543e-17
0.0019270000000000062 -2.877458868497532e-17
0.0019320000000000062 -2.877458868497529e-17
0.0019370000000000062 -2.877458868497554e-17
0.0019420000000000062 -2.877458868497557e-17
0.0019470000000000062 -2.877458868497553e-17
0.0019520000000000062 -2.877458868497538e-17
0.001957000000000006 -2.877458868497545e-17
0.001962000000000006 -2.8774588684975345e-17
0.0019670000000000056 -2.8774588684975326e-17
0.0019720000000000054 -2.8774588684975406e-17
0.0019770000000000052 -2.877458868497551e-17
0.001982000000000005 -2.877458868497539e-17
0.001987000000000005 -2.877458868497549e-17
0.0019920000000000046 -2.877458868497554e-17
0.0019970000000000044 -2.877458868497538e-17
0.002 -2.8774588684975474e-17
