2.0 2.877328691224089e-17
1.99 2.895424274108942e-17
1.98 2.913748904509308e-17
1.97 2.932306958927481e-17
1.96 2.9511029260785523e-17
1.95 2.970141410510016e-17
1.94 2.989427136362376e-17
1.93 3.0089649512772376e-17
1.92 3.028759830459641e-17
1.91 3.048816880901822e-17
1.9 3.069141345775904e-17
1.89 3.089738609003466e-17
1.88 3.1106142000103627e-17
1.87 3.131773798675611e-17
1.86 3.153223240483632e-17
1.85 3.174968521889687e-17
1.84 3.1970158059088706e-17
1.83 3.2193714279395724e-17
1.82 3.2420419018330196e-17
1.81 3.2650339262210484e-17
1.8 3.288354391115086e-17
1.79 3.312010384789932e-17
1.78 3.336009200966857e-17
1.77 3.3603583463112436e-17
1.76 3.3850655482609926e-17
1.75 3.4101387632028487e-17
1.74 3.4355861850148156e-17
1.73 3.461416253993887e-17
1.72 3.487637666189625e-17
1.71 3.5142593831651305e-17
1.7 3.541290642208562e-17
1.69 3.5687409670195324e-17
1.68 3.596620178896451e-17
1.67 3.624938408452306e-17
1.66 3.653706107888386e-17
1.65 3.682934063857037e-17
1.64 3.7126334109468266e-17
1.63 3.742815645825439e-17
1.62 3.773492642078123e-17
1.61 3.804676665781856e-17
1.6 3.8363803918581716e-17
1.59 3.868616921250483e-17
1.58 3.901399798974714e-17
1.57 3.934743033095614e-17
1.56 3.968661114684496e-17
1.55 4.003169038818211e-17
1.54 4.038282326683228e-17
1.53 4.0740170488533655e-17
1.52 4.1103898498143903e-17
1.51 4.14741797381425e-17
1.5 4.1851192921231705e-17
1.49 4.223512331794262e-17
1.48 4.262616306021773e-17
1.47 4.3024511462016243e-17
1.46 4.3430375358064974e-17
1.45 4.384396946196576e-17
1.44 4.4265516744960954e-17
1.43 4.46952488367616e-17
1.42 4.5133406449952206e-17
1.41 4.558023982960554e-17
1.4 4.603600922987255e-17
1.39 4.265570916120103e-17
1.38 3.037424539778099e-17
1.37 9.606408702793132e-18
1.36 -1.963833180748275e-17
1.35 -5.734907806047487e-17
1.34 -1.0351490199805021e-16
1.33 -1.5812487015088723e-16
1.32 -2.211680395890588e-16
1.31 -2.92633455975463e-16
1.3 -3.725101522011538e-16
1.29 -4.607871471897303e-16
1.28 -5.5745344473001185e-16
1.27 -6.6249803227942e-16
1.26 -7.759098797096937e-16
1.25 -8.976779379780026e-16
1.24 -1.02779113771113e-15
1.23 -1.166238387691866e-15
1.22 -1.3130085732375686e-15
1.21 -1.4680905544600465e-15
1.2 -1.6314731643954666e-15
1.19 -1.8031452069913786e-15
1.18 -1.9830954549353318e-15
1.17 -2.171312647305451e-15
1.16 -2.3677854870144886e-15
1.15 -2.5725026380005486e-15
1.14 -2.785452722077296e-15
1.13 -3.0066243152665004e-15
1.12 -3.2360059432299033e-15
1.11 -3.473586074948389e-15
1.1 -3.7193531127201386e-15
1.09 -3.973295374078451e-15
1.08 -4.2354010555511605e-15
1.07 -4.5056581551289585e-15
1.06 -4.784054300288459e-15
1.05 -5.070576359367319e-15
1.04 -5.365209555252751e-15
1.03 -5.66793543491795e-15
1.02 -5.978727207506439e-15
1.01 -6.297539028657771e-15
1.0 -6.624281355085326e-15
0.99 -6.958764241003684e-15
0.98 -7.3005668427715e-15
0.97 -7.64873703912019e-15
0.96 -8.001099869293572e-15
0.95 -8.352665044415884e-15
0.94 -8.691959109775528e-15
0.93 -8.992575816057469e-15
0.92 -9.193706151157787e-15
0.91 -9.155263795568572e-15
0.9 -8.554430526069771e-15
0.89 -6.647082412095826e-15
0.88 -1.717453922104313e-15
0.87 1.0191776783531177e-14
0.86 3.821087425944361e-14
0.85 1.0341219804873963e-13
0.84 2.544477946596746e-13
0.83 6.036897510043022e-13
0.82 1.4107934466813827e-12
0.81 3.2760070715042295e-12
0.8 7.587598229857901e-12
0.79 1.7558040656863916e-11
0.78 4.062516977854379e-11
0.77 9.40200469224643e-11
0.76 2.176870277646717e-10
0.75 5.042873100755053e-10
0.74 1.1689318856402033e-09
0.73 0.0018690248580561068
0.72 0.014897934720976976
0.71 1.799905563742085
0.7 1.7999069129501848
0.69 1.7999082241466686
0.68 1.7999094989156892
0.67 1.7999107387545752
0.66 1.7999119450796957
0.65 1.799913119231859
0.64 1.7999142624812896
0.63 1.7999153760322109
0.62 1.7999164610270746
0.61 1.7999175185504752
0.6 1.7999185496327639
0.59 1.7999195552534022
0.58 1.79992053634406
0.57 1.7999214937915
0.56 1.7999224284402495
0.55 1.7999233410950848
0.54 1.7999242325233455
0.53 1.7999251034570831
0.52 1.799925954595068
0.51 1.7999267866046604
0.5 1.7999276001235567
0.49 1.7999283957614145
0.48 1.7999291741013823
0.47 1.7999299357015228
0.46 1.7999306810961486
0.45 1.799931410797069
0.44 1.7999321252947666
0.43 1.799932825059496
0.42 1.7999335105423127
0.41 1.7999341821760466
0.4 1.799934840376212
0.39 1.7999354855418639
0.38 1.7999361180564077
0.37 1.7999367382883578
0.36 1.79993734659205
0.35 1.7999379433083231
0.34 1.799938528765152
0.33 1.799939103278248
0.32 1.7999396671516306
0.31 1.7999402206781576
0.3 1.799940764140041
0.29 1.7999412978093183
0.28 1.799941821948311
0.27 1.7999423368100556
0.26 1.7999428426387076
0.25 1.799943339669929
0.24 1.799943828131257
0.23 1.7999443082424469
0.22 1.799944780215805
0.21 1.7999452442564996
0.2 1.799945700562861
0.19 1.7999461493266609
0.18 1.799946590733385
0.17 1.7999470249624827
0.16 1.7999474521876198
0.15 1.799947872576899
0.14 1.7999482862930885
0.13 1.79994869349383
0.12 1.7999490943318366
0.11 1.799949488955088
0.1 1.7999498775070089
0.09 1.7999502601266453
0.08 1.799950636948827
0.07 1.7999510081043328
0.06 1.7999513737200308
0.05 1.799951733919039
0.04 1.7999520888208447
0.03 1.799952438541453
0.02 1.799952783193502
0.01 1.7999531228863912
