0.0 1.799953457726393
0.01 1.7999531228863912
0.02 1.7999527831935023
0.03 1.7999524385414527
0.04 1.7999520888208451
0.05 1.7999517339190385
0.06 1.7999513737200312
0.07 1.7999510081043322
0.08 1.7999506369488272
0.09 1.7999502601266448
0.1 1.7999498775070095
0.11 1.799949488955088
0.12 1.7999490943318366
0.13 1.7999486934938296
0.14 1.7999482862930882
0.15 1.7999478725768991
0.16 1.7999474521876198
0.17 1.7999470249624834
0.18 1.799946590733385
0.19 1.7999461493266613
0.2 1.7999457005628605
0.21 1.7999452442565
0.22 1.7999447802158044
0.23 1.799944308242447
0.24 1.7999438281312572
0.25 1.7999433396699287
0.26 1.7999428426387067
0.27 1.7999423368100558
0.28 1.7999418219483105
0.29 1.7999412978093183
0.3 1.7999407641400416
0.31 1.7999402206781583
0.32 1.7999396671516303
0.33 1.799939103278248
0.34 1.7999385287651517
0.35 1.7999379433083234
0.36 1.7999373465920496
0.37 1.7999367382883578
0.38 1.7999361180564084
0.39 1.7999354855418639
0.4 1.7999348403762123
0.41 1.799934182176047
0.42 1.7999335105423124
0.43 1.7999328250594966
0.44 1.7999321252947669
0.45 1.7999314107970692
0.46 1.7999306810961486
0.47 1.7999299357015233
0.48 1.7999291741013819
0.49 1.7999283957614143
0.5 1.799927600123557
0.51 1.799926786604661
0.52 1.799925954595068
0.53 1.799925103457083
0.54 1.7999242325233455
0.55 1.7999233410950854
0.56 1.7999224284402486
0.57 1.7999214937915002
0.58 1.7999205363440598
0.59 1.799919555253402
0.6 1.7999185496327634
0.61 1.7999175185504752
0.62 1.7999164610270748
0.63 1.7999153760322109
0.64 1.7999142624812892
0.65 1.799913119231859
0.66 1.7999119450796943
0.67 1.7999107387545754
0.68 1.7999094989156896
0.69 1.7999082241466684
0.7 1.7999069129501843
0.71 1.7999055637420855
0.72 1.7999041748450046
0.73 1.7999027444814033
0.74 1.7999012707659807
0.75 1.7998997516973785
0.76 1.7998981851491127
0.77 1.7998965688596367
0.78 1.7998949004214448
0.79 1.7998931772691062
0.8 1.7998913966660917
0.81 1.7998895556902736
0.82 1.799887651217913
0.83 1.7998856799059697
0.84 1.799883638172507
0.85 1.7998815221749636
0.86 1.7998793277860083
0.87 1.7998770505666568
0.88 1.7998746857362884
0.89 1.7998722281391277
0.9 1.7998696722067078
0.91 1.7998670119157225
0.92 1.7998642407406185
0.93 1.7998613516001183
0.94 1.7998583367967673
0.95 1.7998551879484068
0.96 1.7998518959102972
0.97 1.7998484506863368
0.98 1.7998448413275787
0.99 1.799841055815825
1.0 1.799837080929617
1.01 1.7998329020893302
1.02 1.7998285031771608
1.03 1.7998238663264814
1.04 1.7998189716727917
1.05 1.7998137970543817
1.06 1.799808317642691
1.07 1.79939094468206
1.08 1.797555870526808
1.09 1.7940610386016091
1.1 1.7885501583416854
1.11 1.780398859411845
1.12 1.768403720203664
1.13 1.7497020279722535
1.14 1.7118586700145455
1.15 6.137986603161645e-17
1.16 6.05723122638081e-17
1.17 5.978573243136729e-17
1.18 5.901931965395026e-17
1.19 5.827230804644238e-17
1.2 5.754397007953555e-17
1.21 5.683361417640082e-17
1.22 5.61405825050191e-17
1.23 5.5464248938725e-17
1.24 5.4804017166178035e-17
1.25 5.415931893637644e-17
1.26 5.3529612426816215e-17
1.27 5.2914380724493035e-17
1.28 5.231313041059921e-17
1.29 5.1725390240686074e-17
1.3 5.11507099128338e-17
1.31 5.058865891704574e-17
1.32 5.0038825459681234e-17
1.33 4.950081545727666e-17
1.34 4.8974251594586476e-17
1.35 4.8458772442112384e-17
1.36 4.7954031628782863e-17
1.37 4.7459697065803726e-17
1.38 4.6975450218023923e-17
1.39 4.650098541945837e-17
1.4 4.603600922987639e-17
1.41 4.5580239829609353e-17
1.42 4.5133406449956034e-17
1.43 4.469524883676544e-17
1.44 4.4265516744964744e-17
1.45 4.3843969461969586e-17
1.46 4.343037535806878e-17
1.47 4.3024511462020046e-17
1.48 4.262616306022156e-17
1.49 4.2235123317946416e-17
1.5 4.18511929212355e-17
1.51 4.1474179738146317e-17
1.52 4.1103898498147724e-17
1.53 4.074017048853746e-17
1.54 4.0382823266836093e-17
1.55 4.003169038818591e-17
1.56 3.9686611146848786e-17
1.57 3.934743033095997e-17
1.58 3.901399798975095e-17
1.59 3.868616921250865e-17
1.6 3.8363803918585537e-17
1.61 3.804676665782234e-17
1.62 3.773492642078503e-17
1.63 3.7428156458258205e-17
1.64 3.712633410947207e-17
1.65 3.6829340638574195e-17
1.66 3.653706107888768e-17
1.67 3.6249384084526874e-17
1.68 3.596620178896831e-17
1.69 3.5687409670199145e-17
1.7 3.541290642208943e-17
1.71 3.5142593831655113e-17
1.72 3.4876376661900065e-17
1.73 3.461416253994271e-17
1.74 3.435586185015195e-17
1.75 3.4101387632032314e-17
1.76 3.385065548261374e-17
1.77 3.3603583463116244e-17
1.78 3.3360092009672365e-17
1.79 3.3120103847903113e-17
1.8 3.2883543911154657e-17
1.81 3.265033926221431e-17
1.82 3.242041901833402e-17
1.83 3.2193714279399527e-17
1.84 3.197015805909251e-17
1.85 3.174968521890069e-17
1.86 3.153223240484014e-17
1.87 3.131773798675993e-17
1.88 3.110614200010744e-17
1.89 3.089738609003848e-17
1.9 3.069141345776286e-17
1.91 3.048816880902205e-17
1.92 3.0287598304600224e-17
1.93 3.00896495127762e-17
1.94 2.9894271363627585e-17
1.95 2.970141410510397e-17
1.96 2.951102926078934e-17
1.97 2.932306958927863e-17
1.98 2.913748904509691e-17
1.99 2.8954242741093236e-17
